1-1

23, 65, 69, 55, 57, 2, 10,49, 20, 50, 67, 14, 18, 6,41, 28, 46, 29, 37, 61, 8, 17, 54, 16, 64, 72, 56, 32, 62, 34
52, 13, 26, 42, 19, 48, 7, 11, 51, 15, 60, 59, 38, 71, 33, 36, 24, 45, 53, 40, 39, 27, 3, 25, 4, 43, 66, 12, 44, 22, 31, 68, 35, 21, 1, 5
58, 30, 63, 47, 9, 70

1-2

1, 39, 72, 64, 56, 40, 32, 16, 8, 61, 53, 45, 37, 29, 21, 5, 62, 54, 46, 28, 30, 14, 67, 51, 35, 27, 11, 3, 68, 52, 34
63, 55, 47, 31, 23, 15, 48, 24, 69, 13, 70, 9, 22, 19, 60, 44, 36, 12, 66, 58, 50, 10, 2, 65, 57, 17, 33
71, 38, 59, 43, 4, 41
20, 6, 7, 42, 26, 18, 49, 25


1-3

65, 21,54, 62, 52
10, 18, 56, 48, 70, 55, 31, 34, 25, 5, 51, 58, 1, 24, 30, 22, 11, 60, 12
2, 23, 13, 42, 20, 17, 47, 69, 3, 50, 49, 63, 15, 36, 67, 9
34, 66, 43, 32, 71, 61, 45, 38, 59, 4, 33, 41, 37
35, 27, 57, 16, 8, 53, 29, 46, 6, 19, 68, 44, 26, 28, 39, 40, 72, 64, 7


1-4

38, 71, 41, 4, 19, 57, 43
14, 33, 65, 59, 52, 54, 30, 49, 58, 51, 11, 1, 45, 44, 55, 16, 5, 64, 42, 7, 39, 40, 3, 27, 35, 48, 56, 24 
32, 68, 61, 6, 53, 46, 17, 37, 29, 26, 28, 8
63, 21, 60, 47, 34, 72, 67, 20, 66, 23, 9, 70, 69, 13, 15, 18, 12, 62, 25, 2, 22, 50, 10, 36, 31


1-5

58, 29, 53, 50, 18, 23, 46, 36, 44
33, 26, 64, 72, 7, 15, 6, 22, 69, 28, 51, 10, 2, 25, 17, 9, 48, 56, 19, 52, 43
40, 5, 13, 21, 37, 42, 45, 12, 3, 60, 11, 27, 35
41, 32, 71, 38, 61, 4, 59
62, 34, 66, 65, 49, 57, 1, 8, 16, 24, 47, 55, 63, 30, 67, 68, 20, 31, 39, 14, 54, 70

1-6

18, 6, 41, 59, 38, 71, 33, 36, 24, 28, 46, 29, 37, 45, 53, 61, 8, 40
39, 27, 3, 25, 4, 43, 17, 66, 12, 44, 22, 31, 68, 54, 21,16 ,64
1, 2, 5, 7, 9, 10, 11, 13, 14, 15, 19, 20, 23, 26, 30, 32, 34, 35, 42, 47, 48, 49, 50, 51, 52, 55, 56, 57, 58, 60, 62, 63, 65, 67
69, 70, 72


1-7

58, 67, 51, 11, 60, 22, 63, 47, 23, 56, 24, 65, 9, 1
50, 10, 59, 35, 27, 3, 36, 20, 21, 70, 38, 30, 14, 71, 39, 72, 48, 40, 32, 49, 33, 25
66, 42, 2, 52, 4,69, 45, 13, 54, 31, 15, 6, 41
34,18, 19, 68, 44, 12, 53, 29, 46, 55, 7, 16, 57, 17
26, 43, 28, 61, 37, 5, 62, 64, 8


1-8

56, 70, 14, 60, 58, 10, 47, 39 ,23,5, 1,9, 11, 35, 45, 69, 27, 25, 65, 51, 67, 13
20, 18, 32, 16, 46, 38, 28, 4, 66, 26, 63, 53, 71, 33, 41, 43, 59, 29, 37, 61
64,48,62, 54, 6, 52, 36, 21, 3
72, 40, 24, 8, 30, 22, 68, 44, 12, 50, 42, 34, 2, 55, 31, 15, 7, 49, 19, 17, 57


1-9

59, 61, 53, 29, 71, 28, 8, 4, 38, 32, 41
35, 43, 51, 45, 63, 47, 31, 23, 39, 66, 34, 2, 60, 36, 12, 70, 30, 22, 56, 57, 49, 33, 17, 9
67, 27, 19, 11, 69, 37, 13, 5, 55, 15, 7, 58, 50, 42, 26, 18, 10, 68, 44, 20, 64, 62, 46, 6, 14, 72, 48, 40, 16, 24, 25, 1
3, 21, 52, 54, 65


1-10

28,10,1,40,22,4,43,16, 7, 44, 35, 26, 41, 32, 23, 14, 5, 38, 20, 11, 30, 21, 42, 33, 24, 15, 45, 36, 27, 18, 9, 70, 52, 71, 72, 63, 58, 49, 68
59, 50, 69, 60, 51, 47, 55, 46, 65, 56, 48, 66
37, 19, 31, 13, 34, 25, 17,8, 29, 2, 39, 12, 3, 6, 61, 62, 53, 54, 67, 64, 57


1-11

43, 35, 27, 19, 11, 3, 60, 52, 44, 36, 20, 12, 45, 29, 70, 62, 54, 46, 14, 39, 31, 23, 56, 48, 9, 17,25, 2, 10, 18, 42, 50
68, 67, 51, 59, 28, 4, 69, 61, 53, 37, 21, 13, 5, 38, 30, 22, 6, 71, 63, 55, 47, 15, 7, 72, 64, 40, 32, 24, 16 ,8, 1, 33, 41, 57, 49, 65, 66, 26, 58 ,34




1-12

10, 2, 18, 34, 35, 27, 57, 23, 56, 48, 21, 70, 54, 62, 52, 66, 65
43
55, 31, 32, 16, 8, 53, 29, 13, 46, 14, 6, 42, 19, 68, 44, 20, 26, 28, 25, 17
71, 39, 47, 69, 61, 45, 5, 38, 59, 51, 3, 4, 58, 1, 33, 41
63, 15, 72, 64, 7, 40, 24, 37, 30, 22, 67, 11, 60, 36, 12, 50, 49, 9

1-13

28, 16, 41, 5, 38, 42, 33, 18, 58, 68, 46, 37, 6, 64, 57
4, 43, 44, 35, 23, 14, 21, 24, 15, 27, 70, 63, 50, 69, 55, 48, 13, 34, 17, 39, 12, 62, 67
10,40, 7, 32, 20, 30, 45, 9, 71, 49, 59, 65, 66, 31, 8, 29, 61, 53
1,22, 26, 11, 36, 52, 72, 60, 51, 47, 56, 19, 25, 2, 3, 54


1-14


19, 7, 34, 68, 36, 6, 64, 61, 37, 29, 43
17, 50, 49, 15, 31, 42, 24, 53, 20, 13, 25, 69, 9, 23, 10
59, 41, 71, 26, 66, 4, 28, 38, 46, 32
52, 54, 65, 11, 58, 14
57, 62, 55, 2, 22, 30, 48, 67, 51, 47, 60, 70 ,56
12, 44, 8, 40, 72, 3, 21, 33, 63, 16, 18, 27, 45, 35, 1, 5, 39



1-15 

38, 14, 71, 32, 33, 60, 63, 47, 65, 59, 21, 52, 54, 41, 34, 68, 61
30, 72, 49, 58, 67, 51, 11, 1, 20, 45, 6, 44, 53, 46, 55, 16, 17, 5, 64
66, 42, 23, 9, 70, 4, 69, 13, 15, 18, 19, 12, 7, 57, 43, 62, 39, 40, 3, 27, 35
29, 26, 28, 37, 8
48, 25, 2, 22, 56, 24, 50, 10, 36, 31










 





2-1

3, 44, 39, 35, 45, 27
29
32, 59, 38
41, 71, 61, 17, 7, 53, 57, 66, 62, 43, 28, 19, 36, 20, 42, 15, 8, 26, 16, 46, 30, 64, 23, 72, 31, 13, 37
4, 9, 12, 40, 63, 18, 49, 22, 60, 33, 21, 2, 67, 70, 24, 69, 10, 58, 1, 25, 48, 6, 11, 68, 50, 55, 5, 14, 56, 34, 52, 54, 47, 51

 

2-2

21, 12, 51, 65

42, 20

53, 16

29, 7, 13, 17, 62

28, 46, 43

61, 8, 26, 6, 66

19, 57, 64, 69, 68, 50

10, 55, 22, 48, 72

30, 60, 1, 37, 70, 49, 58, 5, 56, 9

24, 18, 11, 2, 67, 31, 25

27, 39, 45, 40, 35, 44

38, 59, 41, 4, 71, 32

63, 47, 54, 15, 52, 34, 14, 3, 33, 23, 36

 

2-3

37

38, 59, 41, 4, 71, 32, 43, 61

21, 12
52, 3, 33
18, 2, 25, 67, 31, 11, 60, 70, 10, 49, 9, 22, 50, 69, 13, 17, 20, 36, 15, 23
58, 56, 55, 72, 48, 1, 24, 30, 26, 46, 16, 65, 51, 14, 34, 54, 47, 63, 27, 44, 35, 40, 39, 45
5
42, 53, 29, 7, 62, 28, 6, 66, 8, 19, 57, 68, 64

 

2-4

19, 7, 42
6, 61, 43, 28, 46, 27, 54, 16, 25, 64, 66, 8, 17, 26, 53, 32, 68, 29
15, 20, 50, 23, 49, 31, 22, 13, 69, 63, 36, 18, 9
38, 59, 41, 71, 4, 34, 33, 3
1, 10, 37, 45, 55, 52, 70, 24, 51, 60, 40, 58,67, 12, 21, 30, 39, 48, 57, 35, 44, 62, 5, 14, 2, 47, 11, 56, 65, 72

 

2-5

37, 64, 68
17, 31, 55, 11, 10, 24
54, 65
61, 71, 22, 38, 59, 32
51, 45, 2, 67, 25, 48, 56, 23, 70, 60, 30, 15
39, 40, 35, 27
1, 58, 49
47, 52, 34, 50, 21, 33, 63
62, 20, 7, 69, 9, 57, 13
36, 28, 53, 66, 6, 8
43, 19, 5, 18, 12, 4, 16, 26, 44, 3, 41
72, 14
46, 42, 29

 

2-6

63, 47, 31, 15, 25, 9, 48, 60, 50, 34, 18, 2, 42, 10, 62, 70, 30, 22, 23, 24, 67
71, 59, 41, 61, 32, 4, 38
1, 29, 53, 6, 16, 8, 28, 58, 26, 14, 46
51, 35, 19, 3, 54, 43, 27, 11, 65, 49, 33, 17, 57, 45, 13, 69, 37, 21, 5, 64, 44, 12, 66, 56, 72, 40, 52, 39, 55, 7, 20, 36, 68

 

2-7

6, 22, 8, 48, 2, 25, 60
28, 53, 26, 46
31, 10, 45, 37, 44, 56, 40, 55, 34, 3, 17, 57, 69, 52, 66, 64, 43, 19, 29, 62, 18, 59, 61, 20, 63, 23, 36, 9, 15, 13
71, 67, 30, 24, 1, 11, 65, 49, 21, 5, 72, 39, 7, 51, 35, 58, 14, 16, 54, 12, 68, 50, 42, 41, 4, 32, 38, 27, 33, 70, 47

 

2-8

64, 18, 20, 23, 36
62, 63, 9, 15, 13
44, 6, 8, 72, 7, 14, 16, 46, 17, 57, 66, 43, 61, 28
39, 35, 12, 27, 19, 45, 40, 3
42, 37
60, 22, 70, 30, 67, 71, 25, 2, 1, 11, 65, 55, 49, 21, 51, 58, 54, 68, 41, 4, 32, 33, 38, 47, 53, 10, 26, 31, 29, 52, 69, 34, 56, 50, 59, 5, 24, 48

 

2-9

10, 30, 24, 1, 53, 6, 11, 65, 49, 45, 21, 37, 5, 44, 56, 72, 40, 39, 55, 7, 51, 46, 14, 26, 35, 58, 16
34, 3, 54, 17, 57, 69, 12, 52
50, 22, 71, 29, 19, 43, 64, 66, 68, 28
62, 18, 42, 59, 41, 61, 4, 32, 38, 20, 2, 33, 8, 63
48, 60, 70, 2, 23, 67, 36, 9, 15, 13, 25, 47, 31

 

2-10

17, 7, 53, 57, 66, 43, 19, 36, 20, 42, 15, 8, 9
62, 12, 40, 63, 18, 70, 67, 2, 65, 49, 22, 3, 60, 33, 21, 51, 47, 52, 34, 56
46, 16, 26
14, 72, 23, 64, 30, 11, 68, 55, 50, 5
6, 44, 13, 39, 35, 27, 45, 25, 1, 52, 10, 31, 69, 37, 24, 48

2-11

69
54,48,62,36,70,23,17,15,13,11,10,9,2,67
60,59,58,51,47,40,33,30,71,72,25,24,22,21,12,8,5,1,49,37,31,56
41,34,4,61,38
65,53,46,39,35,29,27,18,3,50,44
43,66,64,63,57,52,45,42,32,28,26,20,19,16,14,7,6,55,68

2-12

54,48,62,36,70,23,17,15,13,11,10,9,2,67,59,58,51,47,40,33,30,71,72,25,24,22,21,12,5,1,49,37,31,56,60,41,69,34,4,65,39,35,27,18,3,50,66,63,42,45,52,14,55
8,61,38,53,46,29,44,43,64,57,32,28,26,20,19,16,6,7,68

2-13

44,40,1,5,39,35,27,3,8,45
46,53,14,16,28,26,6
17,66,7
65,50,60,62,63,69,36,23,70,15,13,11,9,67,2,51,47,33,30
72,31,55,58,48,25,22,10,24,49,56,18
59,71,41,34,4,61,38,29,32
52,54,21,12
43,37,42,19,57,68,64,20

2-14

44,40,1,5,39,35,27,45,62,63,8,3,46,14,69,26,15,11,13,65,9,51,30,47,33,72,58,24,48,49,29,38,52,54,21,19,42,20,12
50,53,60,36,23,70,2,31,55,25,22,10,56,18,61,34,41,32,37,43
67,71,59,4
16,28,6,7,66,17,68,57,64

2-15

20,57,55,66,7,17
61
13
70,36,50,60,47,23,44
35,3,40,39,45,27
5,1
14,58,51
9,15,69
18,10,2,31,25,22,56
30
24,48
64,68
53,46,29,16,28,6
72,11,49
71,38,41,4,59
43
32
67,63,33,34
52,21,12
62,42,19
26
8
37
54,65

2-16

21,12
13,20
66,64,68
61,32
63,33,60,47
54,52,56,65
71,38,41,59,4
43,69,19,62,57
3,27,35,40,39,1,45,44
37
51,34
42
5,58,72,7,55,14
50,67,49,17,70,23,15,9,36
53,26,8,46,16,29,6,28
18,11,22,2,10,30,48,24,31,25

2-17

4,15,59,41,68,61,19,63,43,13,30,10,22,9,56,52,62,31,71,36,3,18,34,37
69,23,17,45,66,33,29,55,16,32,40,24,48,8,2,26,7,38,20,28,60,11,57,64,54,42,5
72,6,27,35,14,12,46,53,21,47,39,70,58,49,50,51,65,25,67,44,1

2-18

57,62,68,7,58,64
32,66,37,61,43,4,38,71,41,59
1,5,20
33,34
21,12,54
56,17,52,65,14
40,27,44,45,39,35
26,8,29,16,3,46,53,6,28
72,49,18
11,51,42
10,25,48,31,22,24
50,67,47,60,63,23,70
30,36,2,55,19,13,15,9,69

2-19

13,34
54,56,72,18,11,42,10,31,23,47,67,15,9,36,50,70,2
27,44,45,39
61,29
46,53,57,62,68,7,58,64,32,66,37,43,4,38,71,41,59,5,1,20,12,21,17,52,65,14,40,35,19,26,8,16,3,55,6,28,49,25,51,22,69,24,48,63,60,13,30






3-1
1, 2, 3, 5, 6, 7, 8, 9, 10, 11, 12, 13, 14, 15, 16, 17, 19, 20, 21, 22, 23, 24, 25, 26, 27, 28, 30, 31, 33, 34, 35, 36, 37, 39, 40, 42, 44, 45, 46, 47, 48, 49, 50, 51, 52, 53, 54, 55, 56, 57, 58, 60, 62, 63, 65, 66, 67, 68, 69, 70, 71, 72
4, 18, 29, 32, 38, 41, 43, 59, 61, 64

3-2

69, 25, 13, 55, 70, 36, 31, 22, 18, 15, 2, 10, 9, 47, 67, 50
26, 29, 8, 53, 46, 28, 16, 68, 64
5, 61, 59, 38, 41, 43, 32, 4
17, 23, 33, 34, 42, 54, 56, 71, 63, 37
49, 51, 11, 48, 24, 6, 14, 60, 72, 58, 30
3, 7, 12, 21, 35, 45, 40, 39, 27, 1, 44
19, 52, 57, 62, 66, 65, 20


3-3

54
37
62
14
66, 65, 52, 51, 45, 56
6, 3, 12, 27, 39, 16, 32, 8, 26, 29, 53, 46, 28, 61, 35, 21, 33, 34
42
17
50
68, 7, 64, 44, 55, 43
4, 71, 1, 40, 67, 59, 38, 41
5, 36, 19, 13, 20, 49, 69
25, 31, 70, 22, 18, 15, 2, 10, 11, 48, 24, 72, 58
30, 9, 57, 63, 47, 60, 23

3-4

9, 8, 4, 5, 2, 13, 10, 18, 17, 25, 23, 34, 28, 36, 29, 33, 43, 41, 38, 55, 59, 61, 50, 64, 69, 71
3, 12, 15, 27, 22, 24, 21, 20, 19, 31, 35, 32, 42, 37, 39, 57, 60, 62, 47, 49, 53, 54, 52, 66, 68, 70, 72
7, 6, 1, 14, 11, 16, 26, 30, 44, 45, 40, 56, 58, 63, 46, 48, 51, 65, 67

3-5

22, 70, 18, 15, 2, 10, 48
51, 50, 72, 56, 55, 1, 58, 11, 24
37
34, 33, 21, 3, 12
8, 32, 29, 26, 53, 46, 28, 61, 6
57, 17, 49, 36, 13, 20, 25, 9, 62, 69, 31
4, 71, 38, 41
43, 19, 5
23, 30, 63
27, 45, 35, 39, 44, 40
68, 7, 64
67, 59
42, 14, 54, 16, 66, 60, 65, 47, 52

3-6

67, 57, 62, 9, 34, 36, 33, 55, 50, 69
59
71, 56, 63, 32, 4, 43, 41, 38, 61
44, 45, 40, 3, 27, 21, 35, 37, 39
14, 1, 11, 30, 58, 48, 51, 65, 12, 15, 22, 24, 31, 42, 60, 49, 53, 54, 72, 70, 2, 10, 18, 25
7, 6, 16, 26, 46, 20, 19, 47, 52, 66, 68, 8, 5, 13, 17, 23, 28, 29, 64

3-7

4, 71, 38, 41, 18, 34, 29, 46, 61, 9, 68, 67, 59
23, 5, 30, 63, 27, 45, 35, 39, 44, 40, 70, 22, 15, 2, 10, 48, 51, 72, 50, 56, 55, 1, 58, 11, 24, 37, 33, 21, 3, 12, 8, 32, 26, 53, 28, 6, 57, 17, 49, 36, 13, 20, 25, 62, 31, 69, 7, 64, 42, 14, 54, 16, 66, 60, 65, 47, 52, 43, 19

3-8

14, 62, 52, 65
71, 32, 4, 41, 38, 61, 59
44, 5, 43
15, 47, 34, 54, 60, 51, 56, 67, 36, 49, 70, 69, 33, 63, 23, 30, 9, 37
11, 18, 20, 64, 50, 13
40, 39, 35, 21, 27, 3, 12, 45, 1, 17
53, 6, 16, 46, 8, 29, 28, 26
57, 42, 7, 19
22, 10, 2, 55, 31, 25, 48
72, 58, 66, 68, 24

3-9

57, 59, 72, 71, 62, 64, 63, 68, 69, 37, 38, 41, 16, 15, 18, 7, 8, 10, 5, 6, 2, 4, 13, 3, 21, 22, 19, 31, 33, 35, 26, 28, 27, 29, 44, 43, 45, 54, 49, 53, 52, 17, 50, 39, 42
47, 30
34, 51, 23, 1, 11, 60
61, 32, 20
46, 36, 9, 12, 40, 67, 70, 48, 14, 58, 56, 66, 65
25, 24, 55

3-10

12, 3, 21, 40, 44, 39, 35, 45, 27, 52
7, 5
61, 32
54, 34
17, 49
43, 41, 38, 71, 4, 59
70, 56, 51, 72, 50, 65, 37, 58, 1
42, 64, 16, 66, 14, 6, 28, 53, 26, 8, 29, 46, 68
36, 13, 47, 60, 57, 33, 63, 30, 9, 23, 69
31, 25, 24, 11, 48, 10, 2, 15, 22, 67, 18, 55
62, 20, 19


3-11

66,60,54,67,55,56,12,2,21,31,70,47
72,44,51,45,3,35,29,22,34,23,18,39,25,58,52,65
48,68,62,50,69,11,10,36,63,9,5,1,17,42,33,20,37,64,57,8,7,23,40,30,15,29,13
48,6,16,28,27,26,14,46,53
61,43,4,41,38,32,71,59

3-12

66,60,71,59,47,41,46,33,15,9,31,13,32,26,20,8,36,18,29,23,17,5,34,4,61,37,43,62,56,38
54,53,70,25,14,2,30,24,11,28,22,10,67,49,50,69
72,48,42,65,64,58,52,19,7,1,6,16,55,68,63,57
40,27,21,3,12,35,44,51,45,39

3-13

67,65,49,1,70,58,40,16,10,53,56,44,11,5,14,27,69,51,45,39,18,48
29,36,72,61,43,37,41,50,4,28,64,25,31
46,34,71,68,17,8,2,33,9,57,12,6,66,54
7,19,13,52,22,59,47,62,35,23,38,32,26,20,21,15,3,63,30,4,60,42

3-14

21,52,12,3,35,45,40,27,39
67,15,69,9,36,13,23
20
61
8,66,19,6,17,57,42,55,64,68,7
18,2,10,30,58,31,25,22,11,56
44
5,1,62,14
26,16,46,29,53,28
33,34
65,54
59,41,43,4,38,71
32
50,51,72,47,63,49,70,60
39,48,24

3-15

62,40,44,5,27,45,39,8,12,52,35,21,3
67,55,60,49,1,70,58,10,65,56,11,14,51,18,48,36,50,25,31,34,2,9,6,22,47,23,63,30,24
16,53,69,29,61,43,37,41,4,28,46,71,17,33,57,54,7,19,59,38,26,32,15
72,64,68,66,13,20,42

3-16

57,42,62,37
3,35,45,40,27,39,67,64,7,16,33,65,34,54,49
55,18,2,10,31,25,22,72,24,48
21,52,12,15,69,13,23,20,30,58,11,56,1,5,14,50,51,47,63,70,60
9,36,66,17,68,43
61,8,19,6,26,46,53,29,28,59,41,4,38,71,32

3-17

32,61
46,5,37,57
40,27,3,12,35,44,45,39
34,30,21
33,13,26,20,43,62,54,55
66,60,47,15,9,31,36,23,56,70,25,14,2,24,11,22,10,49,50,72,48,65,58,52,1,6,63,51
8,18,29,17,53,28,69,42,64,19,7,16
71,59,41,4,38,67

3-18

44,34,33,43,13,55,54,23,36
46,26,20,50,6,63,8,28,19,7,16,68
5,12,37,57,40,27,3,35,45,39,21,30,62,25,66,60,47,15,9,31,70,56,14,2,24,11,22,72,10,49,48,65,58,52,1,51,18,17,53,69,59,67
61,32,29,64,42,71,41,4,38,8

3-19

67,43,41,4,71,33,59,38,32
19,50,62,69,55,60,49,70,37,10,18,48,36,25,31,2,9,6,22,47,23,30,24
68,3,40,45,39,44,12,52
15,20,66,13,42
27,5,35,22,2,58,65,56,11,51,34
63,17,57,54,72,62
26,46,8,14,53,29,62,28,7

3-20

29,36,72,61,43,37,41,50,4,28,53,25,31
67,65,49,1,70,58,40,16,10,64,56,44,11,5,14,27,69,51,45,39,18,48
7,34,71,68,17,8,2,33,47,57,12,6,66
46,19,13,52,22,59,9,62,35,23,38,32,26,20,21,15,3,63,30,4,60,42,54





4-1

1,5,7,8,11,55
2,9,10,13,15,18,20,22,23,24,25,30,31,36,47,48,55,66,67,69,70
3,12,21,27,35,37,39,40,45,51,52,62,63,66
4,38,41,59,71
6,14,16,26,29,46,53
17,19,28,33,42,43,44,49,50,54,56,57,64,65,68,72
34,32,61

4-2

1,2,5,8,33,42,48,51,55,56,57,60,62,63,67,70
3,12,21,35,40,43,44,45,69
4,38,41,59,66,71
6,14,16,17,19,24,26,27,28,29,32,37,39,46,52
7,9,10,11,13,15,18,20,22,23,25,30,31,34,36,47,49,50,53,54,58,61,64,65,68

4-3

1,7,8,20,23,26,32,13,14,15,17,19,25,30,31,36,60,67,34,38,47,48,49,51,55,58,59,63,64,66,9,10,70
6,9, 5,11,16,24,28,67,2,3,4,12,18,21,22,27,29,33,35,37,39,40,42,50,52,41,43,45,44,46,56,57,54,61,62,65,53,71,72

4-4

7,16,17,19,26,28,32,33,41,42,43,57,54,53,52,49,46,44,61,62,64,66,68,72
2,9,10,13,15,18,20,22,24,25,67,30,31,36,47,48,50,55,58,60,63,69,70
1,3,4,5,6,8,11,12,14,21,27,29,34,35,37,38,39,40,45,51,71,56,59,65

4-5

1,5
3,12,21,27,35,39,40,44,45
4,38,41
6,14,16,19,59,67,71
7,11
8,29
9,15,69
10,22,24,25,31,48,49,58
11,20,30,36,72
23,47,60,70
26,28,46
32,34

4-6

1,5,6,7,8,11,14,16,19,20,26,28,29,30,37,44,46,48,49,50,51,53,55,56,57,58,59,64,65,69,72
2,9,10,13,15,17,18,22,23,24,31,32,33,34,36,38,42,43,47,60,61,62,66,67,70
3,12,21,27,35,63,68,39,40,45,52,54
4,41,71

