118 13 17 11 38 17 18 17 14 21 34 19 14 31 15 20 9 11 11 14 22 17 13 26 19 17 23 8 7 28 14 9 16 14 24 10 17 11 25 28 8 14 4 21 25 12 23 27 27 16 39 19 15 13 23 29 12 39 13 23 3 14 21 12 28 10 23 13 18 23 12 24 
13 122 11 8 14 15 8 13 28 39 26 18 20 13 29 6 20 31 12 12 13 39 26 26 35 8 9 9 8 22 36 8 19 20 12 25 11 6 10 10 9 17 9 8 12 5 28 33 19 27 20 17 10 20 25 28 18 16 6 31 7 22 18 7 17 16 31 7 23 35 8 17 
17 11 120 14 19 10 11 13 11 9 14 35 16 12 15 13 14 13 18 12 35 16 11 10 12 12 38 8 12 12 12 8 19 15 42 13 17 10 41 36 8 15 13 27 37 10 12 11 14 9 17 32 13 21 7 14 12 9 14 13 7 21 16 11 15 12 9 11 14 9 11 14 
11 8 14 122 16 8 9 10 10 7 8 11 13 7 13 10 8 14 11 7 15 13 8 10 9 14 10 13 16 9 10 28 18 14 12 8 14 48 10 10 52 12 28 7 9 9 8 6 8 10 9 12 11 10 7 8 7 8 43 8 27 11 13 8 7 13 12 11 12 7 46 8 
38 14 19 16 120 14 20 21 13 18 32 20 19 24 14 21 13 15 14 17 24 15 13 20 13 18 23 14 12 23 10 11 23 12 24 10 23 15 22 27 14 17 14 21 25 13 17 20 23 15 29 20 14 13 22 25 16 29 15 19 8 18 14 18 21 11 17 16 22 16 15 21 
17 15 10 8 14 120 23 33 8 12 13 11 11 24 8 35 18 10 22 13 12 12 7 15 16 32 13 35 26 11 10 13 12 11 11 9 19 8 12 12 9 14 10 15 12 34 10 17 16 13 15 15 31 11 16 12 20 17 8 9 14 11 12 23 14 18 12 23 13 7 11 17 
18 8 11 9 20 23 120 24 12 12 18 12 18 16 19 27 24 8 31 23 12 12 12 13 9 26 13 22 15 19 9 14 16 10 16 12 14 11 12 20 8 25 17 19 14 16 10 14 20 12 14 15 20 11 21 9 30 17 10 9 9 16 15 30 15 22 9 28 15 6 11 19 
17 13 13 10 21 33 24 122 9 8 9 13 14 15 11 27 23 8 20 19 12 8 10 10 10 31 12 36 35 14 12 19 17 14 12 10 18 15 13 17 12 17 11 13 12 28 10 10 13 9 11 8 31 11 15 9 22 9 14 9 21 18 13 24 10 21 8 21 12 5 16 14 
14 28 11 10 13 8 12 9 122 30 20 14 33 13 40 3 22 24 14 22 9 25 37 18 22 8 9 5 9 26 27 7 18 19 12 39 12 8 9 13 7 16 13 7 11 9 30 20 23 26 15 14 7 12 15 20 16 18 10 28 9 23 28 7 15 18 29 9 31 30 10 11 
21 39 9 7 18 12 12 8 30 120 30 11 23 21 30 9 18 36 12 18 13 39 27 32 40 10 14 8 8 25 41 10 13 18 14 26 15 7 13 15 8 14 10 13 15 5 22 39 26 28 18 17 13 14 27 27 11 26 10 23 8 19 17 11 19 13 25 9 26 34 9 20 
34 26 14 8 32 13 18 9 20 30 122 18 17 29 21 15 12 21 10 17 18 24 20 30 23 13 20 8 9 30 20 7 15 12 20 18 15 7 18 23 5 18 6 17 22 10 19 28 26 24 35 20 14 20 21 30 10 33 7 25 3 14 15 14 27 8 26 12 19 24 8 26 
19 18 35 11 20 11 12 13 14 11 18 120 14 16 15 10 18 13 15 9 42 19 10 19 15 7 30 5 7 15 17 5 18 17 33 11 15 5 33 33 5 13 12 24 27 10 18 15 17 14 22 24 12 19 13 17 17 16 6 21 3 17 16 6 17 18 15 14 15 21 10 17 
14 20 16 13 19 11 18 14 33 23 17 14 120 12 39 9 24 17 22 33 15 19 32 15 21 17 13 9 10 20 26 10 17 16 16 31 16 11 12 13 9 21 15 13 12 9 23 17 17 21 13 17 11 13 20 10 16 14 12 21 9 27 24 16 12 20 20 13 34 18 10 11 
31 13 12 7 24 24 16 15 13 21 29 16 12 118 14 27 13 11 13 16 18 11 15 22 17 21 21 17 12 25 11 13 11 14 20 11 13 8 21 20 6 15 7 18 18 22 20 26 25 18 28 23 18 18 21 24 11 32 10 18 4 17 19 12 30 13 22 13 16 23 9 23 
15 29 15 13 14 8 19 11 40 30 21 15 39 14 120 8 22 23 21 25 15 30 35 23 22 16 12 8 6 26 31 11 17 16 14 33 16 11 10 14 9 25 14 11 11 7 27 24 22 25 16 19 13 15 16 14 15 17 12 25 8 24 28 11 12 20 26 11 31 29 10 19 
20 6 13 10 21 35 27 27 3 9 15 10 9 27 8 118 19 13 21 17 13 8 7 14 7 37 20 38 26 15 7 17 16 9 15 4 16 10 18 18 13 18 15 23 17 38 8 13 17 9 14 14 34 17 17 12 21 18 8 5 12 11 14 27 18 17 14 24 13 7 11 20 
9 20 14 8 13 18 24 23 22 18 12 18 24 13 22 19 118 12 23 21 10 13 23 13 16 16 12 20 18 11 21 13 19 17 11 21 17 8 13 11 9 19 21 16 12 17 12 13 20 16 10 15 17 19 19 14 29 8 9 13 12 20 14 22 10 27 13 19 22 13 11 15 
11 31 13 14 15 10 8 8 24 36 21 13 17 11 23 13 12 118 10 17 10 31 23 21 28 7 13 9 16 14 30 8 14 19 11 22 14 11 11 13 16 15 14 14 12 12 15 21 18 22 10 12 13 10 17 20 9 18 12 16 14 18 15 12 13 10 21 9 19 25 10 16 
11 12 18 11 14 22 31 20 14 12 10 15 22 13 21 21 23 10 118 25 10 15 13 11 12 26 13 21 18 14 15 14 11 9 15 16 17 11 13 12 9 27 24 19 10 18 11 14 15 14 11 22 19 13 18 11 31 10 12 13 9 23 15 25 11 19 6 25 19 8 11 16 
14 12 12 7 17 13 23 19 22 18 17 9 33 16 25 17 21 17 25 120 12 13 24 12 16 22 9 14 13 21 19 19 12 9 12 23 14 12 8 12 7 24 14 12 11 16 16 14 23 19 10 16 14 12 19 10 21 13 11 15 10 23 21 20 12 22 12 16 22 13 8 15 
22 13 35 15 24 12 12 12 9 13 18 42 15 18 15 13 10 10 10 12 118 19 10 18 13 13 32 9 7 19 12 13 21 16 37 9 18 13 31 32 9 13 10 21 27 9 20 14 19 14 23 33 14 23 12 17 11 16 13 19 5 21 20 8 21 14 15 15 15 18 14 20 
17 39 16 13 15 12 12 8 25 39 24 19 19 11 30 8 13 31 15 13 19 122 21 35 39 12 11 10 5 27 40 11 16 18 15 23 14 10 11 14 9 14 13 10 10 4 26 31 26 24 22 20 14 14 22 24 12 24 12 31 7 17 22 9 17 16 21 14 19 28 13 22 
13 26 11 8 13 7 12 10 37 27 20 10 32 15 35 7 23 23 13 24 10 21 120 15 20 11 9 8 10 24 24 11 17 23 14 37 12 8 9 8 7 18 13 11 11 8 32 19 18 29 16 15 7 15 17 20 14 15 7 33 8 21 29 12 14 17 24 6 24 32 7 11 
26 26 10 10 20 15 13 10 18 32 30 19 15 22 23 14 13 21 11 12 18 35 15 114 31 13 16 10 6 28 32 10 17 13 17 15 17 10 18 21 8 17 7 15 15 9 23 36 27 21 23 17 14 15 28 19 12 30 9 24 4 15 18 7 20 15 22 13 19 24 11 25 
19 35 12 9 13 16 9 10 22 40 23 15 21 17 22 7 16 28 12 16 13 39 20 31 118 12 13 10 9 21 43 8 10 14 12 24 13 6 13 10 7 11 11 10 10 7 21 34 23 25 20 14 16 13 22 20 6 23 9 26 7 12 11 11 13 12 22 10 21 27 8 19 
17 8 12 14 18 32 26 31 8 10 13 7 17 21 16 37 16 7 26 22 13 12 11 13 12 120 13 40 28 16 9 24 16 8 14 8 16 17 10 13 13 17 17 16 11 40 12 15 14 8 15 17 33 13 15 11 14 15 14 12 14 15 16 19 11 17 7 19 12 5 13 15 
23 9 38 10 23 13 13 12 9 14 20 30 13 21 12 20 12 13 13 9 32 11 9 16 13 13 118 11 11 11 10 9 15 10 51 8 16 7 52 41 5 15 11 35 42 14 10 17 16 12 19 22 15 18 8 16 10 15 7 9 4 16 11 11 19 12 13 13 14 16 9 18 
8 9 8 13 14 35 22 36 5 8 8 5 9 17 8 38 20 9 21 14 9 10 8 10 10 40 11 118 36 9 7 21 16 6 9 9 20 14 8 10 18 15 21 12 9 39 4 7 11 13 7 12 39 12 10 8 20 8 11 4 21 12 9 27 8 18 6 22 13 4 15 17 
7 8 12 16 12 26 15 35 9 8 9 7 10 12 6 26 18 16 18 13 7 5 10 6 9 28 11 36 120 6 10 20 12 14 10 10 19 17 12 10 17 12 15 13 11 35 4 6 6 13 6 10 35 11 8 9 13 6 16 4 26 13 5 22 9 10 6 17 11 2 16 10 
28 22 12 9 23 11 19 14 26 25 30 15 20 25 26 15 11 14 14 21 19 27 24 28 21 16 11 9 6 120 23 13 16 18 18 21 18 10 14 20 8 15 6 12 16 11 30 27 31 20 30 16 15 15 24 24 16 30 14 29 6 19 28 13 22 12 23 13 19 27 12 23 
14 36 12 10 10 10 9 12 27 41 20 17 26 11 31 7 21 30 15 19 12 40 24 32 43 9 10 7 10 23 120 9 11 18 10 30 17 6 13 9 10 16 14 11 12 5 25 28 24 24 13 14 16 15 23 21 13 18 11 26 11 18 16 9 12 21 20 11 19 28 10 18 
9 8 8 28 11 13 14 19 7 10 7 5 10 13 11 17 13 8 14 19 13 11 11 10 8 24 9 21 20 13 9 118 17 15 11 7 14 36 7 8 30 14 20 5 7 17 11 7 13 7 8 13 19 12 11 8 11 8 30 13 37 12 13 13 9 16 9 14 7 9 27 9 
16 19 19 18 23 12 16 17 18 13 15 18 17 11 17 16 19 14 11 12 21 16 17 17 10 16 15 16 12 16 11 17 116 27 16 20 17 22 16 19 20 19 19 14 17 11 23 14 20 16 19 19 12 23 15 17 19 14 19 19 14 16 25 13 16 16 16 16 20 15 24 16 
14 20 15 14 12 11 10 14 19 18 12 17 16 14 16 9 17 19 9 9 16 18 23 13 14 8 10 6 14 18 18 15 27 122 13 18 15 13 12 11 14 7 11 8 10 9 22 12 16 16 19 15 9 20 20 21 15 13 14 18 19 17 22 10 17 14 22 15 13 17 16 9 
24 12 42 12 24 11 16 12 12 14 20 33 16 20 14 15 11 11 15 12 37 15 14 17 12 14 51 9 10 18 10 11 16 13 120 9 17 10 51 42 6 17 12 34 44 13 14 16 18 12 23 27 14 17 11 18 14 17 10 15 3 20 16 8 22 12 12 11 13 16 10 20 
10 25 13 8 10 9 12 10 39 26 18 11 31 11 33 4 21 22 16 23 9 23 37 15 24 8 8 9 10 21 30 7 20 18 9 120 17 8 8 12 10 12 19 11 10 7 25 19 20 29 12 13 11 13 17 17 12 12 9 24 12 17 21 13 10 19 21 9 24 27 10 15 
17 11 17 14 23 19 14 18 12 15 15 15 16 13 16 16 17 14 17 14 18 14 12 17 13 16 16 20 19 18 17 14 17 15 17 17 116 11 17 21 18 15 19 12 18 17 11 11 17 15 16 16 19 13 14 21 21 14 16 15 20 22 14 20 14 15 12 15 17 11 17 21 
11 6 10 48 15 8 11 15 8 7 7 5 11 8 11 10 8 11 11 12 13 10 8 10 6 17 7 14 17 10 6 36 22 13 10 8 11 118 7 10 47 12 22 5 9 12 10 7 9 5 9 9 11 8 6 4 8 9 46 10 28 8 12 10 7 12 9 11 9 6 45 6 
25 10 41 10 22 12 12 13 9 13 18 33 12 21 10 18 13 11 13 8 31 11 9 18 13 10 52 8 12 14 13 7 16 12 51 8 17 7 122 41 5 12 10 37 46 12 14 16 18 11 23 23 15 18 10 17 13 16 8 10 5 17 12 10 21 12 15 12 14 17 9 19 
28 10 36 10 27 12 20 17 13 15 23 33 13 20 14 18 11 13 12 12 32 14 8 21 10 13 41 10 10 20 9 8 19 11 42 12 21 10 41 120 7 14 9 33 45 12 11 19 21 10 23 22 13 13 15 20 14 19 13 13 6 16 17 14 21 14 17 14 17 13 13 20 
8 9 8 52 14 9 8 12 7 8 5 5 9 6 9 13 9 16 9 7 9 9 7 8 7 13 5 18 17 8 10 30 20 14 6 10 18 47 5 7 118 11 27 5 8 13 7 3 9 10 6 10 14 10 7 8 10 8 40 6 33 10 10 11 8 12 10 11 10 5 46 11 
14 17 15 12 17 14 25 17 16 14 18 13 21 15 25 18 19 15 27 24 13 14 18 17 11 17 15 15 12 15 16 14 19 7 17 12 15 12 12 14 11 118 14 14 14 12 13 15 17 16 11 19 15 19 13 11 23 12 7 16 6 23 17 19 12 19 11 20 13 13 10 18 
4 9 13 28 14 10 17 11 13 10 6 12 15 7 14 15 21 14 24 14 10 13 13 7 11 17 11 21 15 6 14 20 19 11 12 19 19 22 10 9 27 14 118 19 12 12 4 6 8 11 6 13 14 12 11 12 19 3 19 8 25 16 11 21 5 21 4 17 12 8 22 12 
21 8 27 7 21 15 19 13 7 13 17 24 13 18 11 23 16 14 19 12 21 10 11 15 10 16 35 12 13 12 11 5 14 8 34 11 12 5 37 33 5 14 19 118 37 19 8 16 16 15 17 18 17 13 18 15 16 18 5 7 5 12 11 15 18 9 10 16 14 11 5 21 
25 12 37 9 25 12 14 12 11 15 22 27 12 18 11 17 12 12 10 11 27 10 11 15 10 11 42 9 11 16 12 7 17 10 44 10 18 9 46 45 8 14 12 37 120 10 10 16 16 6 25 26 12 15 12 21 11 17 11 12 7 13 14 11 20 15 13 9 16 12 11 16 
12 5 10 9 13 34 16 28 9 5 10 10 9 22 7 38 17 12 18 16 9 4 8 9 7 40 14 39 35 11 5 17 11 9 13 7 17 12 12 12 13 12 12 19 10 120 7 11 9 11 11 10 37 12 11 12 15 14 11 6 17 13 8 15 13 14 10 18 8 4 12 15 
23 28 12 8 17 10 10 10 30 22 19 18 23 20 27 8 12 15 11 16 20 26 32 23 21 12 10 4 4 30 25 11 23 22 14 25 11 10 14 11 7 13 4 8 10 7 120 21 24 26 29 20 8 18 20 24 14 25 11 42 6 18 33 5 24 20 30 11 22 37 10 17 
27 33 11 6 20 17 14 10 20 39 28 15 17 26 24 13 13 21 14 14 14 31 19 36 34 15 17 7 6 27 28 7 14 12 16 19 11 7 16 19 3 15 6 16 16 11 21 122 22 20 28 19 10 14 30 27 14 30 10 28 0 19 19 12 23 14 24 8 22 31 6 19 
27 19 14 8 23 16 20 13 23 26 26 17 17 25 22 17 20 18 15 23 19 26 18 27 23 14 16 11 6 31 24 13 20 16 18 20 17 9 18 21 9 17 8 16 16 9 24 22 118 26 29 17 19 20 20 23 17 30 12 23 5 15 21 16 27 14 24 15 24 27 11 29 
16 27 9 10 15 13 12 9 26 28 24 14 21 18 25 9 16 22 14 19 14 24 29 21 25 8 12 13 13 20 24 7 16 16 12 29 15 5 11 10 10 16 11 15 6 11 26 20 26 118 17 12 14 14 22 20 13 19 7 23 7 16 23 15 19 8 25 14 27 29 9 23 
39 20 17 9 29 15 14 11 15 18 35 22 13 28 16 14 10 10 11 10 23 22 16 23 20 15 19 7 6 30 13 8 19 19 23 12 16 9 23 23 6 11 6 17 25 11 29 28 29 17 118 22 14 14 22 38 12 37 13 31 3 14 22 11 34 14 25 9 20 27 10 25 
19 17 32 12 20 15 15 8 14 17 20 24 17 23 19 14 15 12 22 16 33 20 15 17 14 17 22 12 10 16 14 13 19 15 27 13 16 9 23 22 10 19 13 18 26 10 20 19 17 12 22 120 11 29 13 24 17 17 12 20 6 26 23 13 27 19 10 18 16 14 10 18 
15 10 13 11 14 31 20 31 7 13 14 12 11 18 13 34 17 13 19 14 14 14 7 14 16 33 15 39 35 15 16 19 12 9 14 11 19 11 15 13 14 15 14 17 12 37 8 10 19 14 14 11 118 14 11 10 18 15 13 9 20 13 6 18 15 16 11 19 13 10 14 17 
13 20 21 10 13 11 11 11 12 14 20 19 13 18 15 17 19 10 13 12 23 14 15 15 13 13 18 12 11 15 15 12 23 20 17 13 13 8 18 13 10 19 12 13 15 12 18 14 20 14 14 29 14 116 14 20 17 12 7 15 9 20 15 15 26 15 16 17 15 16 10 18 
23 25 7 7 22 16 21 15 15 27 21 13 20 21 16 17 19 17 18 19 12 22 17 28 22 15 8 10 8 24 23 11 15 20 11 17 14 6 10 15 7 13 11 18 12 11 20 30 20 22 22 13 11 14 116 23 22 24 10 20 5 16 18 18 19 17 22 16 23 20 6 20 
29 28 14 8 25 12 9 9 20 27 30 17 10 24 14 12 14 20 11 10 17 24 20 19 20 11 16 8 9 24 21 8 17 21 18 17 21 4 17 20 8 11 12 15 21 12 24 27 23 20 38 24 10 20 23 118 15 29 11 28 8 17 19 10 32 14 24 7 17 28 10 21 
12 18 12 7 16 20 30 22 16 11 10 17 16 11 15 21 29 9 31 21 11 12 14 12 6 14 10 20 13 16 13 11 19 15 14 12 21 8 13 14 10 23 19 16 11 15 14 14 17 13 12 17 18 17 22 15 118 12 7 14 10 29 17 25 17 26 12 25 22 12 10 19 
39 16 9 8 29 17 17 9 18 26 33 16 14 32 17 18 8 18 10 13 16 24 15 30 23 15 15 8 6 30 18 8 14 13 17 12 14 9 16 19 8 12 3 18 17 14 25 30 30 19 37 17 15 12 24 29 12 116 10 22 3 10 20 13 32 11 21 13 18 26 9 27 
13 6 14 43 15 8 10 14 10 10 7 6 12 10 12 8 9 12 12 11 13 12 7 9 9 14 7 11 16 14 11 30 19 14 10 9 16 46 8 13 40 7 19 5 11 11 11 10 12 7 13 12 13 7 10 11 7 10 118 12 26 10 12 9 11 15 12 8 12 5 45 7 
23 31 13 8 19 9 9 9 28 23 25 21 21 18 25 5 13 16 13 15 19 31 33 24 26 12 9 4 4 29 26 13 19 18 15 24 15 10 10 13 6 16 8 7 12 6 42 28 23 23 31 20 9 15 20 28 14 22 12 118 4 20 29 5 19 18 26 7 19 38 8 14 
3 7 7 27 8 14 9 21 9 8 3 3 9 4 8 12 12 14 9 10 5 7 8 4 7 14 4 21 26 6 11 37 14 19 3 12 20 28 5 6 33 6 25 5 7 17 6 0 5 7 3 6 20 9 5 8 10 3 26 4 114 12 7 16 6 13 7 11 6 2 26 9 
14 22 21 11 18 11 16 18 23 19 14 17 27 17 24 11 20 18 23 23 21 17 21 15 12 15 16 12 13 19 18 12 16 17 20 17 22 8 17 16 10 23 16 12 13 13 18 19 15 16 14 26 13 20 16 17 29 10 10 20 12 122 23 15 17 18 21 12 20 20 8 16 
21 18 16 13 14 12 15 13 28 17 15 16 24 19 28 14 14 15 15 21 20 22 29 18 11 16 11 9 5 28 16 13 25 22 16 21 14 12 12 17 10 17 11 11 14 8 33 19 21 23 22 23 6 15 18 19 17 20 12 29 7 23 118 10 18 15 22 14 20 23 11 15 
12 7 11 8 18 23 30 24 7 11 14 6 16 12 11 27 22 12 25 20 8 9 12 7 11 19 11 27 22 13 9 13 13 10 8 13 20 10 10 14 11 19 21 15 11 15 5 12 16 15 11 13 18 15 18 10 25 13 9 5 16 15 10 116 12 20 10 35 16 3 7 19 
28 17 15 7 21 14 15 10 15 19 27 17 12 30 12 18 10 13 11 12 21 17 14 20 13 11 19 8 9 22 12 9 16 17 22 10 14 7 21 21 8 12 5 18 20 13 24 23 27 19 34 27 15 26 19 32 17 32 11 19 6 17 18 12 116 17 22 11 17 21 10 21 
10 16 12 13 11 18 22 21 18 13 8 18 20 13 20 17 27 10 19 22 14 16 17 15 12 17 12 18 10 12 21 16 16 14 12 19 15 12 12 14 12 19 21 9 15 14 20 14 14 8 14 19 16 15 17 14 26 11 15 18 13 18 15 20 17 120 11 23 15 17 16 14 
23 31 9 12 17 12 9 8 29 25 26 15 20 22 26 14 13 21 6 12 15 21 24 22 22 7 13 6 6 23 20 9 16 22 12 21 12 9 15 17 10 11 4 10 13 10 30 24 24 25 25 10 11 16 22 24 12 21 12 26 7 21 22 10 22 11 122 9 23 36 12 15 
13 7 11 11 16 23 28 21 9 9 12 14 13 13 11 24 19 9 25 16 15 14 6 13 10 19 13 22 17 13 11 14 16 15 11 9 15 11 12 14 11 20 17 16 9 18 11 8 15 14 9 18 19 17 16 7 25 13 8 7 11 12 14 35 11 23 9 114 10 7 14 17 
18 23 14 12 22 13 15 12 31 26 19 15 34 16 31 13 22 19 19 22 15 19 24 19 21 12 14 13 11 19 19 7 20 13 13 24 17 9 14 17 10 13 12 14 16 8 22 22 24 27 20 16 13 15 23 17 22 18 12 19 6 20 20 16 17 15 23 10 118 23 9 14 
23 35 9 7 16 7 6 5 30 34 24 21 18 23 29 7 13 25 8 13 18 28 32 24 27 5 16 4 2 27 28 9 15 17 16 27 11 6 17 13 5 13 8 11 12 4 37 31 27 29 27 14 10 16 20 28 12 26 5 38 2 20 23 3 21 17 36 7 23 120 6 18 
12 8 11 46 15 11 11 16 10 9 8 10 10 9 10 11 11 10 11 8 14 13 7 11 8 13 9 15 16 12 10 27 24 16 10 10 17 45 9 13 46 10 22 5 11 12 10 6 11 9 10 10 14 10 6 10 10 9 45 8 26 8 11 7 10 16 12 14 9 6 118 10 
24 17 14 8 21 17 19 14 11 20 26 17 11 23 19 20 15 16 16 15 20 22 11 25 19 15 18 17 10 23 18 9 16 9 20 15 21 6 19 20 11 18 12 21 16 15 17 19 29 23 25 18 17 18 20 21 19 27 7 14 9 16 15 19 21 14 15 17 14 18 10 118 
End of File
